                 id         shiqu            总价            均价            面积
count  13673.000000  13673.000000  13673.000000  13673.000000  13673.000000
mean    6902.487896      2.487750    117.695428  12319.282162     93.661528
std     3999.000300      1.115027     65.121330   3255.649046     34.809553
min        0.000000      1.000000     15.000000   3014.000000     30.190000
25%     3436.000000      1.000000     76.000000  10434.000000     70.000000
50%     6884.000000      2.000000    106.000000  12250.000000     90.500000
75%    10347.000000      3.000000    140.000000  14000.000000    110.000000
max    13873.000000      4.000000    798.000000  29532.000000    295.500000

                 id         shiqu            总价            均价            面积
count  13664.000000  13664.000000  13664.000000  13664.000000  13664.000000
mean    6907.784031      2.137441    118.993436  12494.805035     92.997400
std     4004.504135      1.052313     72.117967   3444.509991     36.542165
min        0.000000      1.000000     15.000000   3014.000000     30.710000
25%     3439.750000      1.000000     75.000000  10447.000000     67.000000
50%     6891.500000      2.000000    104.000000  12498.000000     90.000000
75%    10364.250000      3.000000    140.000000  14330.750000    109.000000
max    13890.000000      4.000000    715.000000  29674.000000    295.500000

                 id         shiqu            总价            均价            面积
count  13324.000000  13324.000000  13324.000000  13324.000000  13324.000000
mean    6725.567622      2.437106    117.388517  12490.465401     92.207883
std     3898.073043      1.101550     65.008359   3044.635680     35.294612
min        0.000000      1.000000     15.000000   3163.000000     30.190000
25%     3345.750000      1.000000     76.000000  10606.000000     68.000000
50%     6719.500000      2.000000    106.900000  12424.000000     90.000000
75%    10097.250000      3.000000    138.800000  14170.000000    109.000000
max    13521.000000      4.000000    730.000000  29545.000000    295.500000

                 id         shiqu            总价            均价            面积
count  12467.000000  12467.000000  12467.000000  12467.000000  12467.000000
mean    6296.369776      2.347959    115.011746  12283.945456     92.254108
std     3646.172117      1.063693     61.106858   2902.765341     34.038254
min        0.000000      1.000000     15.000000   3163.000000     30.500000
25%     3131.500000      1.000000     76.700000  10564.500000     67.500000
50%     6295.000000      2.000000    102.000000  12215.000000     90.000000
75%     9457.500000      3.000000    138.000000  13783.500000    106.800000
max    12647.000000      4.000000    700.000000  29687.000000    290.000000